6559362033
6587154693
6587137880
6587106844
6578025758
6579847629
6576567777
6565566471
6587024518
6567103670
6587005233
6586971203
6586957847
6586953980
6586950158
6584518397
6586936103
6579526045
6582805040
6586904555
6586895245
6574725444
6584874432
6584094578
6579458945
6576665165
6580719533
6580411022
6568637970
6575480842
6583963227
6560709123
6582870295
6572856134
6579849793
6586702729
6586698146
6586662902
6580492328
6582151814
6562457617
6586503335
6567811962
6575274596
6581989647
6586387481
6568269931
6580572432
6573449183
6586269782
6586242479
6586169772
6560456321
6586160426
6586097959
6586102163
6586090029
6569311062
6586077155
6570905052
6580439574
6583168727
6586036519
6586024268
6585959303
6567631241
6568739995
6579435986
6585936418
6585934972
6576648777
6585918419
6585914453
6559672686
6582716946
6585604516
6585604906
6585584291
6583357064
6576493268
6561897705
6567667081
6579553132
6581528710
6585172825
6582535807
6581055354
6584988902
6580665482
6584977230
6561722156
6561861420
6574219628
6574227383
6584880277
6584825880
6567282984
6575027693
6584800233
6584773499
6584730587
6584706860
6568335959
6584407865
6580263198
6577374333
6584078900
6584072793
6584059250
6583970013
6580395327
6583864870
6560039707
6570855348
6555781100
6583807770
6583720088
6583716501
6562785901
6583675076
6583633637
6583607169
6583518959
6580736600
6583054610
6575764433
6582753131
6582590554
6582498629
6575668823
6582360985
6582318056
6582138980
6554627294
6582065387
6582029126
6581852368
6581663281
6581644717
6555780947
6574732236
6581498904
6581496358
6575399433
6581355902
6581350075
6581350471
6581278280
6581243174
6581241990
6554700995
6581134149
6581100053
6580983007
6580945389
6580875621
6580664190
6578328724
6580584648
6580462342
6580460857
6569214767
6582727589
6581146888
6586934093
6586934350
6587015320
6586983127
6586933313
6581640934
6586933606
6586912038
6586913971
6586914560
6586914339
6586936374
6586936579
6586933814
6586915318
6569745146
6581074655
6582099719
6568992614
6577264457
6576581546
6583839501
6575570706
6567132132
6581058790
6586571857
6586553691
6586506381
6562061224
6586254365
6580561037
6580603611
6586184810
6582125822
6585940950
6567241475
6568090193
6583625513
6581689855
6585655012
6582998265
6585304615
6583007751
6584940919
6584729104
6584644801
6584349163
6584288099
6563633409
6583854151
6583234629
6582908279
6582878328
6582809114
6575667076
6577564722
6582619880
6555176337
6582475739
6564794768
6558630842
6582103357
6581804230
6581770386
6581685052
6565156326
6576411627
6576412826
6581528111
6581451691
6575096789
6572103798
6581276164
6581255390
6557635354
6574374793
6575193408
6553603229
6580370784
6559359877
6587148712
6571921549
6587119373
6580384000
6584649760
6569481642
6586928259
6573725034
6586656020
6581217482
6586586148
6565925464
6565935204
6565955776
6567448345
6586448869
6584304465
6586282342
6586236963
6586185564
6586103102
6579095241
6572977077
6582430805
6585920880
6585772448
6573529426
6579392060
6579392094
6579392131
6576791421
6585128652
6584957714
6584720176
6584659261
6584025750
6583831119
6577620368
6583300423
6583232148
6583129296
6582645804
6582602765
6582263452
6577792381
6581652058
6575748484
6574732946
6581557739
6580896917
6580774089
6570788778
6580688937
6580548856
6554033831
6587102918
6586856928
6586844589
6581793382
6573440469
6573440899
6585354077
6566151335
6584403113
6577940109
6582159408
6580939255
6580423458
6559962175
6542219647
6542246465
6542253770
6542266892
6542277272
6542278915
6542279093
6542335292
6542357930
6542381292
6542436726
6542470360
6542659594
6542729199
6542781882
6542805014
6542808808
6542808930
6542814170
6542853497
6542877110
6542891995
6542895098
6542984720
6543126913
6543127503
6543127654
6587283234
6587250132
6587441003
6587425498
6587420705
6587393462
6587319484
6587585376
6587574030
6587449072
6588811132
6588807819
6588582760
6588479155
6588462782
6588427430
6588375018
6588262785
6588213259
6588116048
6587810215
6587779632
6587773510
6587767915
6587740995
6587717014
6602347892
6600458052
6587375239
6602065687
6602066680
6602023617
6592349450
6602003558
6601966372
6601955159
6597534383
6601875345
6593196517
6594962059
6601821445
6597299986
6588879024
6601719914
6595799975
6601696593
6589432979
6597687594
6601650096
6601613277
6595352064
6601558278
6601523262
6601457865
6593796956
6601447116
6601402959
6601397513
6595215434
6601390503
6601333695
6601335034
6601271428
6601163336
6601155981
6601100862
6601035531
6589462814
6590361655
6601034743
6598573216
6600966532
6600967449
6600966838
6600928062
6599379710
6590122095
6594003076
6597030136
6593413630
6600740320
6600708108
6600689190
6600636471
6600592226
6600543420
6600470180
6600395307
6589626955
6600386872
6600372246
6600366629
6600352948
6600306107
6591241768
6593951299
6590199034
6600149595
6600080158
6600057672
6594388186
6599971027
6599956369
6599933529
6599927162
6599856361
6585678067
6599745335
6599678642
6599674744
6599672016
6599609568
6593297514
6599600272
6599575982
6599570583
6593684663
6599529012
6599495086
6590242655
